02224899
02224989
02224998
02228499
02229849
02229984
02242899
02242989
02242998
02248929
02248992
02249289
02249298
02249892
02249928
02284299
02284929
02284992
02289249
02289924
02292489
02292498
02292849
02292984
02298429
02298492
02298924
02299248
02299284
02299842
02422899
02422989
02422998
02428929
02428992
02429289
02429298
02429892
02429928
02489229
02489292
02489922
02492289
02492298
02492892
02492928
02498922
02499228
02842299
02842929
02842992
02849229
02849292
02849922
02892249
02892429
02892492
02892924
02899224
02899242
02922489
02922498
02922849
02922984
02924289
